(21 321 2526)
(98 546 48566)
(39 226 7831)
(30 740 5240)
(20 398 2398)
(22 210 2630)
(46 777 11357)
(62 199 19419)
(1 702 707)
(59 853 18258)
(77 226 29871)
(27 168 3813)
(54 335 14915)
(43 446 9691)
(70 965 25465)
(48 32 11552)
(93 575 43820)
(39 336 7941)
(40 620 8620)
(41 834 9239)
(41 625 9030)
(76 91 28971)
(33 793 6238)
(40 850 8850)
(61 826 19431)
(35 630 6755)
(19 426 2231)
(67 910 23355)
(36 231 6711)
(92 991 43311)
(77 410 30055)
(48 207 11727)
(87 725 38570)
(23 997 3642)
(77 415 30060)
(44 261 9941)
(89 825 40430)
(44 19 9699)
(80 963 32963)
(38 48 7268)
(68 343 23463)
(42 410 9230)
(76 232 29112)
(51 482 13487)
(40 107 8107)
(92 986 43306)
(89 204 39809)
(58 334 17154)
(32 987 6107)
(16 529 1809)
(84 277 35557)
(52 895 14415)
(33 676 6121)
(95 689 45814)
(17 379 1824)
(1 244 249)
(96 392 46472)
(18 329 1949)
(72 887 26807)
(79 61 31266)
(90 480 40980)
(92 987 43307)
(61 666 19271)
(53 244 14289)
(99 501 49506)
(65 86 21211)
(77 596 30241)
(7 121 366)
(99 327 49332)
(46 635 11215)
(89 78 39683)
(56 642 16322)
(86 593 37573)
(82 699 34319)
(70 461 24961)
(1 576 581)
(7 717 962)
(31 992 5797)
(81 171 32976)
(59 706 18111)
(21 546 2751)
(54 851 15431)
(14 765 1745)
(65 686 21811)
(18 219 1839)
(3 106 151)
(20 157 2157)
(96 596 46676)
(98 186 48206)
(36 498 6978)
(75 442 28567)
(5 43 168)
(41 9 8414)
(69 734 24539)
(71 332 25537)
(49 733 12738)
(21 18 2223)
(24 202 3082)
(49 929 12934)
(99 807 49812)
